115,4
115,3
115,2
115,1
115,0
114,4
114,3
114,2
114,1
114,0
113,3
113,2
113,1
113,0
112,4
112,3
112,2
112,1
112,0
111,3
111,2
111,1
111,0
110,5
110,4
110,3
110,2
110,1
110,0
109,8
109,7
109,6
109,5
109,4
109,3
109,2
109,1
109,0
108,4
108,3
108,2
0,481
108,1
108,0
0,480
107,4
107,3
107,2
107,1
107,0
0,479
106,5
106,4
106,3
106,2
106,1
106,0
105,5
105,4
105,3
105,2
105,1
105,0
104,4
104,3
104,2
104,1
104,0
103,3
103,2
103,1
103,0
14,9
102,5
102,4
102,3
102,2
102,1
102,0
101,8
101,7
101,6
101,5
101,4
101,3
101,2
101,1
101,0
100,4
100,3
100,2
100,1
100,0
0,478
0,477
99,4
99,3
99,2
99,1
99,0
0,476
98,4
98,3
98,2
98,1
98,0
97,5
97,4
97,3
97,2
97,1
97,0
96,4
96,3
96,2
96,1
96,0
95,4
95,3
95,2
95,1
95,0
94,8
94,7
94,6
94,5
94,4
94,3
94,2
94,1
94,0
93,7
93,6
93,5
93,4
93,3
93,2
93,1
93,0
92,6
92,5
92,4
92,3
92,2
92,1
92,0
0,475
14,8
91,5
91,4
91,3
91,2
91,1
91,0
14,7
0,474
0,473
90,4
90,3
90,2
90,1
90,0
89,6
89,5
89,4
89,3
89,2
89,1
89,0
88,3
88,2
88,1
88,0
87,3
87,2
87,1
87,0
86,4
86,3
86,2
86,1
86,0
85,3
85,2
85,1
85,0
84,3
84,2
84,1
84,0
83,5
83,4
83,3
83,2
83,1
83,0
82,4
82,3
82,2
82,1
82,0
81,4
81,3
81,2
81,1
81,0
80,5
80,4
80,3
80,2
80,1
80,0
79,4
79,3
79,2
79,1
79,0
78,5
78,4
78,3
78,2
78,1
78,0
77,5
77,4
77,3
77,2
77,1
77,0
76,4
76,3
76,2
0,472
0,471
76,1
76,0
75,3
75,2
75,1
75,0
0,470
74,5
74,4
74,3
74,2
74,1
74,0
73,8
73,7
73,6
73,5
73,4
73,3
